1 0 2
2 1 6
3 2 2
4 3 6
5 4 3
6 5 9
7 6 3
8 7 6
9 8 9
10 9 6
11 10 2
12 11 6
13 12 6
14 13 9
15 14 3
16 15 1
17 16 2
18 17 6
19 18 1
20 19 6
21 20 1
22 21 1
23 22 9
24 23 1
25 24 1
26 25 3
27 26 1
28 27 1
29 28 3
30 29 9
31 30 6
32 31 1
33 32 9
34 33 1
35 34 2
36 35 1
37 36 1
38 37 2
39 38 9
40 39 3
41 40 3
42 41 2
43 42 6
44 43 6
45 44 2
46 45 9
47 46 9
48 47 9
49 48 6
50 49 2
51 50 2
52 51 9
53 52 1
54 53 3
55 54 9
56 55 2
57 56 9
58 57 3
59 58 2
60 59 2
61 60 9
62 61 1
63 62 3
64 63 9
65 64 1
66 65 6
67 66 2
68 67 6
69 68 3
70 69 1
71 70 3
72 71 2
73 72 6
74 73 2
75 74 3
76 75 2
77 76 2
78 77 2
79 78 2
80 79 2
81 80 2
82 81 1
83 82 1
84 83 6
85 84 3
86 85 3
87 86 2
88 87 2
89 88 6
90 89 6
91 90 9
92 91 1
93 92 3
94 93 1
95 94 3
96 95 2
97 96 3
98 97 9
99 98 3
100 99 3
